 51912780555
51912229753
51912442497
51912583268
51912597385
51912600502
51912742163
51912780555
51912790443
51912938209
51912938230
51913138303
51913464461
51915915690
51918343626
51921952744
51922056013
51922080461
51922080865
51922236575
51922339875
51922343458
51922414561
51922434822
51922435101
51922514556
51922520278
51922520606
51922529189
51922530509
51922537394
51922626415
51922668397
51922753683
51922830674
51922835893
51922854078
51922941735
51923072739
51923095774
51923124884
51923150118
51923230252
51923237938
51923255549
51923423041
51923505848
51923508551
51923508675
51923573546
51923931384
51923972777
51924020127
51924058823
51924058980
51924059114
51924074098
51924082115
51924107953
51924231294
51924244351
51924247321
51924311110
51924324284
51924342351
51924351224
51924420135
51924440335
51924466276
51924662245
51924790314
51924802655
51924802705
51924802721
51924832252
51924856937
51924871318
51924875461
51924893417
51924952980
51926659439
51926692122
51926737091
51926811921
51926828787
51926880530
51926928717
51928932001
51929272562
51933003610
51933035788
51933097044
51933115056
51933162242
51933209582
51933230842
51933302561
51933373669
51933397699
51933435691
51933597509
51933640282
51933678631
51933745864
51933883768
51933967491
51933996001
51933998821
51934208156
51934284004
51934356528
51934487273
51934571428
51934821563
51934866439
51934990907
51935389250
51936008271
51936069722
51936195625
51936301200
51936304743
51936335845
51936353083
51936483716
51936504554
51936615778
51936705602
51936706322
51936730395
51936855614
51937014777
51937158302
51937170734
51937189191
51937200878
51937203340
51937223454
51937318623
51938352299
51938395220
51939233308
51939670268
51941478459
51942617534
51943063569
51943623162
51945136428
51945380658
51946268267
51946446398
51946492453
51946534588
51946552846
51947038543
51947113742
51947137605
51947189731
51947212697
51947235222
51947239813
51947258200
51947304273
51947312675
51947358627
51947362204
51947612073
51948905589
51952393650
51955071149
51955333480
51955455034
51955860824
51955964511
51957800184
51957809852
51957938599
51959038619
51959917787
51960194485
51960350722
51960381928
51960521670
51960573728
51960575372
51960679482
51960772011
51960893589
51961543594
51965802983
51966608528
51968519026
51970306006
51970384399
51970517805
51970520756
51970604395
51970656386
51970668236
51971045967
51971939567
51972073354
51973238488
51974022581
51975409261
51976131996
51977413581
51977551929
51977574322
51977651667
51977737364
51977814622
51977855455
51977970234
51979145519
51979696002
51980277461
51981000105
51981363274
51981583366
51981584515
51981818999
51982447875
51983124849
51983414878
51983452319
51983459009
51983502383
51984774280
51985097228
51988420377
51990001217
51990199269
51990957503
51998964199
51999931067
